+1.0000e+01 
+9.4891e+00 
+9.0000e+00 
+8.5316e+00 
+8.0831e+00 
+7.6536e+00 
+7.2422e+00 
+6.8482e+00 
+6.4708e+00 
+6.1093e+00 
+5.7631e+00 
+5.4315e+00 
+5.1139e+00 
+4.8097e+00 
+4.5183e+00 
+4.2393e+00 
+3.9721e+00 
+3.7162e+00 
+3.4712e+00 
+3.2366e+00 
+3.0120e+00 
+2.7970e+00 
+2.5912e+00 
+2.3943e+00 
+2.2059e+00 
+2.0256e+00 
+1.8532e+00 
+1.6883e+00 
+1.5306e+00 
+1.3798e+00 
+1.2357e+00 
+1.0981e+00 
+9.6652e-01 
+8.4090e-01 
+7.2095e-01 
+6.0646e-01 
+4.9721e-01 
+3.9300e-01 
+2.9362e-01 
+1.9890e-01 
+1.0864e-01 
+2.2665e-02 
-5.9186e-02 
-1.3708e-01 
-2.1117e-01 
-2.8161e-01 
-3.4854e-01 
-4.1211e-01 
-4.7245e-01 
-5.2968e-01 
-5.8394e-01 
-6.3535e-01 
-6.8401e-01 
-7.3005e-01 
-7.7357e-01 
-8.1468e-01 
-8.5347e-01 
-8.9004e-01 
-9.2449e-01 
-9.5692e-01 
-9.8739e-01 
-1.0160e+00 
-1.0429e+00 
-1.0680e+00 
-1.0915e+00 
-1.1135e+00 
-1.1340e+00 
-1.1531e+00 
-1.1708e+00 
-1.1873e+00 
-1.2025e+00 
-1.2166e+00 
-1.2296e+00 
-1.2416e+00 
-1.2526e+00 
-1.2626e+00 
-1.2718e+00 
-1.2801e+00 
-1.2877e+00 
-1.2945e+00 
-1.3007e+00 
-1.3062e+00 
-1.3110e+00 
-1.3154e+00 
-1.3192e+00 
-1.3225e+00 
-1.3254e+00 
-1.3278e+00 
-1.3299e+00 
-1.3317e+00 
-1.3331e+00 
-1.3343e+00 
-1.3352e+00 
-1.3359e+00 
-1.3364e+00 
-1.3368e+00 
-1.3371e+00 
-1.3372e+00 
-1.3373e+00 
-1.3373e+00 
-1.3373e+00 
-1.3373e+00 
