+1.0000e+00 
+1.2500e+00 
+1.5025e+00 
+1.7575e+00 
+2.0150e+00 
+2.2749e+00 
+2.5374e+00 
+2.8024e+00 
+3.0699e+00 
+3.3398e+00 
+3.6123e+00 
+3.8872e+00 
+4.1647e+00 
+4.4447e+00 
+4.7271e+00 
+5.0121e+00 
+5.2995e+00 
+5.5895e+00 
+5.8819e+00 
+6.1769e+00 
+6.4744e+00 
+6.7744e+00 
+7.0768e+00 
+7.3818e+00 
+7.6893e+00 
+7.9993e+00 
+8.3119e+00 
+8.6269e+00 
+8.9445e+00 
+9.2645e+00 
+9.5871e+00 
+9.9122e+00 
+1.0240e+01 
+1.0570e+01 
+1.0903e+01 
+1.1238e+01 
+1.1576e+01 
+1.1916e+01 
+1.2259e+01 
+1.2604e+01 
+1.2952e+01 
+1.3302e+01 
+1.3655e+01 
+1.4010e+01 
+1.4368e+01 
+1.4729e+01 
+1.5092e+01 
+1.5457e+01 
+1.5825e+01 
+1.6196e+01 
+1.6569e+01 
+1.6945e+01 
+1.7323e+01 
+1.7704e+01 
+1.8088e+01 
+1.8474e+01 
+1.8862e+01 
+1.9253e+01 
+1.9647e+01 
+2.0043e+01 
+2.0442e+01 
+2.0843e+01 
+2.1247e+01 
+2.1653e+01 
+2.2062e+01 
+2.2474e+01 
+2.2888e+01 
+2.3305e+01 
+2.3724e+01 
+2.4146e+01 
+2.4570e+01 
+2.4997e+01 
+2.5427e+01 
+2.5859e+01 
+2.6294e+01 
+2.6731e+01 
+2.7171e+01 
+2.7614e+01 
+2.8059e+01 
+2.8506e+01 
+2.8957e+01 
+2.9410e+01 
+2.9865e+01 
+3.0323e+01 
+3.0784e+01 
+3.1247e+01 
+3.1713e+01 
+3.2182e+01 
+3.2653e+01 
+3.3126e+01 
+3.3603e+01 
+3.4082e+01 
+3.4563e+01 
+3.5047e+01 
+3.5534e+01 
+3.6024e+01 
+3.6516e+01 
+3.7010e+01 
+3.7508e+01 
+3.8007e+01 
+3.8510e+01 
