+1.0000e+00 
+1.1826e+01 
-4.1211e-15 
+1.0869e+01 
-9.1690e-01 
+9.9909e+00 
-1.7578e+00 
+9.1855e+00 
-2.5292e+00 
+8.4466e+00 
-3.2369e+00 
+7.7688e+00 
-3.8861e+00 
+7.1470e+00 
-4.4817e+00 
+6.5766e+00 
-5.0279e+00 
+6.0535e+00 
-5.5288e+00 
+5.5739e+00 
-5.9880e+00 
+5.1343e+00 
-6.4088e+00 
+4.7316e+00 
-6.7941e+00 
+4.3629e+00 
-7.1468e+00 
+4.0256e+00 
-7.4694e+00 
+3.7171e+00 
-7.7643e+00 
+3.4354e+00 
-8.0335e+00 
+3.1782e+00 
-8.2790e+00 
+2.9438e+00 
-8.5028e+00 
+2.7303e+00 
-8.7064e+00 
+2.5362e+00 
-8.8914e+00 
+2.3600e+00 
-9.0592e+00 
+2.2002e+00 
-9.2112e+00 
+2.0557e+00 
-9.3485e+00 
+1.9252e+00 
-9.4724e+00 
+1.8076e+00 
-9.5839e+00 
+1.7020e+00 
-9.6840e+00 
+1.6073e+00 
-9.7736e+00 
+1.5226e+00 
-9.8535e+00 
+1.4473e+00 
-9.9245e+00 
+1.3804e+00 
-9.9874e+00 
+1.3213e+00 
-1.0043e+01 
+1.2693e+00 
-1.0092e+01 
+1.2238e+00 
-1.0134e+01 
+1.1842e+00 
-1.0171e+01 
+1.1500e+00 
-1.0203e+01 
+1.1207e+00 
-1.0230e+01 
+1.0957e+00 
-1.0253e+01 
+1.0747e+00 
-1.0272e+01 
+1.0572e+00 
-1.0288e+01 
+1.0428e+00 
-1.0301e+01 
+1.0311e+00 
-1.0311e+01 
+1.0219e+00 
-1.0319e+01 
+1.0148e+00 
-1.0325e+01 
+1.0095e+00 
-1.0330e+01 
+1.0056e+00 
-1.0333e+01 
+1.0030e+00 
-1.0335e+01 
+1.0014e+00 
-1.0336e+01 
+1.0005e+00 
-1.0337e+01 
+1.0001e+00 
-1.0337e+01 
+1.0000e+00 
-1.0337e+01 
+1.0000e+00 
