5.000000 
5.049947 
5.099894 
5.149842 
5.199793 
5.249746 
5.299703 
5.349664 
5.399630 
5.449601 
5.499577 
5.549560 
5.599550 
5.649548 
5.699553 
5.749566 
5.799589 
5.849620 
5.899660 
5.949711 
5.999771 
6.049842 
6.099924 
6.150017 
6.200121 
6.250237 
6.300365 
6.350505 
6.400658 
6.450823 
6.501000 
6.551191 
6.601395 
6.651613 
6.701844 
6.752089 
6.802347 
6.852620 
6.902907 
6.953208 
7.003524 
7.053854 
7.104200 
7.154559 
7.204934 
7.255324 
7.305729 
7.356149 
7.406584 
7.457035 
7.507501 
7.557983 
7.608480 
7.658993 
7.709522 
7.760066 
7.810626 
7.861203 
7.911795 
7.962402 
8.013026 
8.063666 
8.114322 
8.164994 
8.215682 
8.266387 
8.317107 
8.367844 
8.418597 
8.469366 
8.520151 
8.570953 
8.621771 
8.672605 
8.723455 
8.774322 
8.825205 
8.876104 
8.927020 
8.977951 
9.028900 
9.079864 
9.130845 
9.181842 
9.232855 
9.283885 
9.334930 
9.385992 
9.437071 
9.488165 
9.539276 
9.590403 
9.641546 
9.692705 
9.743881 
9.795072 
9.846280 
9.897504 
9.948744 
10.000000 
