25.000000 
25.495138 
25.995204 
26.500208 
27.010158 
27.525060 
28.044924 
28.569756 
29.099565 
29.634358 
30.174142 
30.718926 
31.268716 
31.823520 
32.383345 
32.948198 
33.518087 
34.093019 
34.673000 
35.258038 
35.848140 
36.443312 
37.043561 
37.648894 
38.259318 
38.874840 
39.495466 
40.121202 
40.752056 
41.388034 
42.029141 
42.675385 
43.326773 
43.983309 
44.645001 
45.311854 
45.983876 
46.661071 
47.343447 
48.031008 
48.723763 
49.421715 
50.124872 
50.833238 
51.546821 
52.265626 
52.989658 
53.718924 
54.453429 
55.193178 
55.938179 
56.688436 
57.443954 
58.204740 
58.970800 
59.742137 
60.518759 
61.300670 
62.087876 
62.880383 
63.678195 
64.481318 
65.289758 
66.103520 
66.922608 
67.747029 
68.576787 
69.411888 
70.252336 
71.098138 
71.949297 
72.805820 
73.667711 
74.534975 
75.407617 
76.285643 
77.169057 
78.057864 
78.952069 
79.851677 
80.756693 
81.667122 
82.582968 
83.504237 
84.430933 
85.363061 
86.300626 
87.243632 
88.192084 
89.145988 
90.105346 
91.070165 
92.040449 
93.016202 
93.997429 
94.984135 
95.976323 
96.974000 
97.977168 
98.985834 
