1.000000  10.000000 
1.003906  9.935375 
1.007812  9.871153 
1.011719  9.807331 
1.015625  9.743904 
1.019531  9.680867 
1.023438  9.618214 
1.027344  9.555943 
1.031250  9.494048 
1.035156  9.432524 
1.039062  9.371368 
1.042969  9.310575 
1.046875  9.250140 
1.050781  9.190061 
1.054688  9.130332 
1.058594  9.070950 
1.062500  9.011911 
1.066406  8.953210 
1.070312  8.894844 
1.074219  8.836809 
1.078125  8.779102 
1.082031  8.721718 
1.085938  8.664654 
1.089844  8.607907 
1.093750  8.551473 
1.097656  8.495349 
1.101562  8.439530 
1.105469  8.384014 
1.109375  8.328798 
1.113281  8.273878 
1.117188  8.219251 
1.121094  8.164914 
1.125000  8.110863 
1.128906  8.057096 
1.132812  8.003610 
1.136719  7.950401 
1.140625  7.897467 
1.144531  7.844804 
1.148438  7.792410 
1.152344  7.740282 
1.156250  7.688418 
1.160156  7.636814 
1.164062  7.585467 
1.167969  7.534376 
1.171875  7.483537 
1.175781  7.432948 
1.179688  7.382606 
1.183594  7.332509 
1.187500  7.282655 
1.191406  7.233040 
1.195312  7.183662 
1.199219  7.134519 
1.203125  7.085609 
1.207031  7.036929 
1.210938  6.988477 
1.214844  6.940251 
1.218750  6.892248 
1.222656  6.844467 
1.226562  6.796904 
1.230469  6.749558 
1.234375  6.702427 
1.238281  6.655509 
1.242188  6.608802 
1.246094  6.562302 
1.250000  6.516010 
1.253906  6.469922 
1.257812  6.424036 
1.261719  6.378351 
1.265625  6.332865 
1.269531  6.287576 
1.273438  6.242481 
1.277344  6.197580 
1.281250  6.152870 
1.285156  6.108349 
1.289062  6.064016 
1.292969  6.019869 
1.296875  5.975907 
1.300781  5.932126 
1.304688  5.888527 
1.308594  5.845107 
1.312500  5.801864 
1.316406  5.758797 
1.320312  5.715904 
1.324219  5.673184 
1.328125  5.630635 
1.332031  5.588255 
1.335938  5.546044 
1.339844  5.503999 
1.343750  5.462119 
1.347656  5.420402 
1.351562  5.378848 
1.355469  5.337454 
1.359375  5.296219 
1.363281  5.255142 
1.367188  5.214222 
1.371094  5.173456 
1.375000  5.132844 
1.378906  5.092385 
1.382812  5.052076 
1.386719  5.011917 
1.390625  4.971906 
1.394531  4.932042 
1.398438  4.892325 
1.402344  4.852751 
1.406250  4.813321 
1.410156  4.774033 
1.414062  4.734886 
1.417969  4.695878 
1.421875  4.657009 
1.425781  4.618277 
1.429688  4.579682 
1.433594  4.541221 
1.437500  4.502894 
1.441406  4.464700 
1.445312  4.426637 
1.449219  4.388705 
1.453125  4.350903 
1.457031  4.313229 
1.460938  4.275682 
1.464844  4.238261 
1.468750  4.200966 
1.472656  4.163795 
1.476562  4.126746 
1.480469  4.089821 
1.484375  4.053016 
1.488281  4.016331 
1.492188  3.979766 
1.496094  3.943319 
1.500000  3.906989 
1.503906  3.870776 
1.507812  3.834678 
1.511719  3.798695 
1.515625  3.762825 
1.519531  3.727068 
1.523438  3.691422 
1.527344  3.655888 
1.531250  3.620463 
1.535156  3.585148 
1.539062  3.549941 
1.542969  3.514842 
1.546875  3.479849 
1.550781  3.444962 
1.554688  3.410180 
1.558594  3.375502 
1.562500  3.340928 
1.566406  3.306456 
1.570312  3.272086 
1.574219  3.237817 
1.578125  3.203648 
1.582031  3.169579 
1.585938  3.135608 
1.589844  3.101735 
1.593750  3.067960 
1.597656  3.034281 
1.601562  3.000698 
1.605469  2.967209 
1.609375  2.933815 
1.613281  2.900515 
1.617188  2.867308 
1.621094  2.834193 
1.625000  2.801169 
1.628906  2.768236 
1.632812  2.735394 
1.636719  2.702641 
1.640625  2.669976 
1.644531  2.637400 
1.648438  2.604912 
1.652344  2.572510 
1.656250  2.540195 
1.660156  2.507966 
1.664062  2.475821 
1.667969  2.443761 
1.671875  2.411785 
1.675781  2.379892 
1.679688  2.348081 
1.683594  2.316353 
1.687500  2.284706 
1.691406  2.253140 
1.695312  2.221654 
1.699219  2.190248 
1.703125  2.158921 
1.707031  2.127672 
1.710938  2.096502 
1.714844  2.065409 
1.718750  2.034393 
1.722656  2.003453 
1.726562  1.972589 
1.730469  1.941801 
1.734375  1.911087 
1.738281  1.880448 
1.742188  1.849882 
1.746094  1.819390 
1.750000  1.788970 
1.753906  1.758623 
1.757812  1.728347 
1.761719  1.698143 
1.765625  1.668010 
1.769531  1.637946 
1.773438  1.607953 
1.777344  1.578029 
1.781250  1.548173 
1.785156  1.518387 
1.789062  1.488668 
1.792969  1.459016 
1.796875  1.429432 
1.800781  1.399914 
1.804688  1.370462 
1.808594  1.341076 
1.812500  1.311755 
1.816406  1.282499 
1.820312  1.253307 
1.824219  1.224180 
1.828125  1.195116 
1.832031  1.166115 
1.835938  1.137176 
1.839844  1.108300 
1.843750  1.079486 
1.847656  1.050733 
1.851562  1.022041 
1.855469  0.993410 
1.859375  0.964840 
1.863281  0.936329 
1.867188  0.907878 
1.871094  0.879485 
1.875000  0.851152 
1.878906  0.822877 
1.882812  0.794659 
1.886719  0.766500 
1.890625  0.738398 
1.894531  0.710352 
1.898438  0.682363 
1.902344  0.654430 
1.906250  0.626553 
1.910156  0.598731 
1.914062  0.570965 
1.917969  0.543253 
1.921875  0.515596 
1.925781  0.487992 
1.929688  0.460443 
1.933594  0.432946 
1.937500  0.405503 
1.941406  0.378113 
1.945312  0.350774 
1.949219  0.323488 
1.953125  0.296254 
1.957031  0.269071 
1.960938  0.241939 
1.964844  0.214858 
1.968750  0.187827 
1.972656  0.160847 
1.976562  0.133916 
1.980469  0.107035 
1.984375  0.080203 
1.988281  0.053420 
1.992188  0.026686 
1.996094  -0.000000 
