+5.0249e+01 
+7.0988e+00 
+7.1339e+00 
+7.1691e+00 
+7.2042e+00 
+7.2392e+00 
+7.2741e+00 
+7.3090e+00 
+7.3438e+00 
+7.3785e+00 
+7.4132e+00 
+7.4478e+00 
+7.4824e+00 
+7.5169e+00 
+7.5512e+00 
+7.5856e+00 
+7.6199e+00 
+7.6540e+00 
+7.6881e+00 
+7.7222e+00 
+7.7561e+00 
+7.7901e+00 
+7.8239e+00 
+7.8576e+00 
+7.8913e+00 
+7.9250e+00 
+7.9585e+00 
+7.9920e+00 
+8.0254e+00 
+8.0586e+00 
+8.0919e+00 
+8.1251e+00 
+8.1583e+00 
+8.1913e+00 
+8.2242e+00 
+8.2571e+00 
+8.2899e+00 
+8.3227e+00 
+8.3553e+00 
+8.3880e+00 
+8.4205e+00 
+8.4530e+00 
+8.4854e+00 
+8.5176e+00 
+8.5500e+00 
+8.5822e+00 
+8.6143e+00 
+8.6463e+00 
+8.6783e+00 
+8.7102e+00 
+8.7420e+00 
+8.7738e+00 
+8.8055e+00 
+8.8372e+00 
+8.8687e+00 
+8.9002e+00 
+8.9317e+00 
+8.9631e+00 
+8.9943e+00 
+9.0255e+00 
+9.0568e+00 
+9.0879e+00 
+9.1189e+00 
+9.1499e+00 
+9.1809e+00 
+9.2117e+00 
+9.2425e+00 
+9.2733e+00 
+9.3039e+00 
+9.3344e+00 
+9.3650e+00 
+9.3956e+00 
+9.4259e+00 
+9.4562e+00 
+9.4866e+00 
+9.5168e+00 
+9.5470e+00 
+9.5771e+00 
+9.6071e+00 
+9.6372e+00 
+9.6671e+00 
+9.6970e+00 
+9.7268e+00 
+9.7565e+00 
+9.7863e+00 
+9.8159e+00 
+9.8454e+00 
+9.8751e+00 
+9.9045e+00 
+9.9339e+00 
+9.9633e+00 
+9.9926e+00 
+1.0022e+01 
+1.0051e+01 
+1.0080e+01 
+1.0109e+01 
+1.0138e+01 
+1.0167e+01 
+1.0196e+01 
+6.8913e+00 
