1.000000  10.000000  
1.003906  9.913542  
1.007812  9.827903  
1.011719  9.743073  
1.015625  9.659041  
1.019531  9.575794  
1.023438  9.493323  
1.027344  9.411617  
1.031250  9.330665  
1.035156  9.250458  
1.039062  9.170985  
1.042969  9.092237  
1.046875  9.014203  
1.050781  8.936874  
1.054688  8.860241  
1.058594  8.784295  
1.062500  8.709027  
1.066406  8.634427  
1.070312  8.560487  
1.074219  8.487199  
1.078125  8.414553  
1.082031  8.342542  
1.085938  8.271158  
1.089844  8.200391  
1.093750  8.130236  
1.097656  8.060683  
1.101562  7.991724  
1.105469  7.923354  
1.109375  7.855563  
1.113281  7.788345  
1.117188  7.721693  
1.121094  7.655600  
1.125000  7.590058  
1.128906  7.525060  
1.132812  7.460601  
1.136719  7.396673  
1.140625  7.333270  
1.144531  7.270386  
1.148438  7.208014  
1.152344  7.146147  
1.156250  7.084781  
1.160156  7.023909  
1.164062  6.963524  
1.167969  6.903621  
1.171875  6.844195  
1.175781  6.785239  
1.179688  6.726749  
1.183594  6.668718  
1.187500  6.611141  
1.191406  6.554013  
1.195312  6.497329  
1.199219  6.441083  
1.203125  6.385270  
1.207031  6.329886  
1.210938  6.274925  
1.214844  6.220383  
1.218750  6.166255  
1.222656  6.112535  
1.226562  6.059220  
1.230469  6.006305  
1.234375  5.953785  
1.238281  5.901655  
1.242188  5.849912  
1.246094  5.798551  
1.250000  5.747568  
1.253906  5.696959  
1.257812  5.646719  
1.261719  5.596844  
1.265625  5.547331  
1.269531  5.498175  
1.273438  5.449373  
1.277344  5.400920  
1.281250  5.352813  
1.285156  5.305048  
1.289062  5.257621  
1.292969  5.210529  
1.296875  5.163769  
1.300781  5.117335  
1.304688  5.071226  
1.308594  5.025438  
1.312500  4.979966  
1.316406  4.934809  
1.320312  4.889961  
1.324219  4.845422  
1.328125  4.801186  
1.332031  4.757251  
1.335938  4.713614  
1.339844  4.670271  
1.343750  4.627220  
1.347656  4.584458  
1.351562  4.541981  
1.355469  4.499787  
1.359375  4.457873  
1.363281  4.416235  
1.367188  4.374872  
1.371094  4.333780  
1.375000  4.292956  
1.378906  4.252398  
1.382812  4.212104  
1.386719  4.172070  
1.390625  4.132294  
1.394531  4.092773  
1.398438  4.053505  
1.402344  4.014487  
1.406250  3.975717  
1.410156  3.937193  
1.414062  3.898912  
1.417969  3.860871  
1.421875  3.823068  
1.425781  3.785501  
1.429688  3.748168  
1.433594  3.711066  
1.437500  3.674194  
1.441406  3.637548  
1.445312  3.601127  
1.449219  3.564929  
1.453125  3.528951  
1.457031  3.493191  
1.460938  3.457648  
1.464844  3.422319  
1.468750  3.387202  
1.472656  3.352295  
1.476562  3.317596  
1.480469  3.283104  
1.484375  3.248816  
1.488281  3.214730  
1.492188  3.180846  
1.496094  3.147159  
1.500000  3.113670  
1.503906  3.080375  
1.507812  3.047274  
1.511719  3.014365  
1.515625  2.981645  
1.519531  2.949113  
1.523438  2.916767  
1.527344  2.884606  
1.531250  2.852627  
1.535156  2.820830  
1.539062  2.789213  
1.542969  2.757774  
1.546875  2.726511  
1.550781  2.695423  
1.554688  2.664508  
1.558594  2.633765  
1.562500  2.603192  
1.566406  2.572788  
1.570312  2.542551  
1.574219  2.512479  
1.578125  2.482573  
1.582031  2.452829  
1.585938  2.423246  
1.589844  2.393823  
1.593750  2.364560  
1.597656  2.335453  
1.601562  2.306502  
1.605469  2.277706  
1.609375  2.249063  
1.613281  2.220572  
1.617188  2.192232  
1.621094  2.164041  
1.625000  2.135998  
1.628906  2.108102  
1.632812  2.080351  
1.636719  2.052745  
1.640625  2.025282  
1.644531  1.997960  
1.648438  1.970780  
1.652344  1.943739  
1.656250  1.916837  
1.660156  1.890071  
1.664062  1.863442  
1.667969  1.836948  
1.671875  1.810588  
1.675781  1.784360  
1.679688  1.758264  
1.683594  1.732299  
1.687500  1.706463  
1.691406  1.680755  
1.695312  1.655175  
1.699219  1.629722  
1.703125  1.604393  
1.707031  1.579190  
1.710938  1.554109  
1.714844  1.529151  
1.718750  1.504314  
1.722656  1.479597  
1.726562  1.455000  
1.730469  1.430522  
1.734375  1.406161  
1.738281  1.381916  
1.742188  1.357788  
1.746094  1.333774  
1.750000  1.309873  
1.753906  1.286086  
1.757812  1.262411  
1.761719  1.238847  
1.765625  1.215394  
1.769531  1.192050  
1.773438  1.168815  
1.777344  1.145687  
1.781250  1.122666  
1.785156  1.099752  
1.789062  1.076943  
1.792969  1.054238  
1.796875  1.031637  
1.800781  1.009139  
1.804688  0.986743  
1.808594  0.964448  
1.812500  0.942254  
1.816406  0.920160  
1.820312  0.898165  
1.824219  0.876268  
1.828125  0.854469  
1.832031  0.832767  
1.835938  0.811161  
1.839844  0.789650  
1.843750  0.768234  
1.847656  0.746912  
1.851562  0.725683  
1.855469  0.704547  
1.859375  0.683503  
1.863281  0.662550  
1.867188  0.641687  
1.871094  0.620915  
1.875000  0.600231  
1.878906  0.579637  
1.882812  0.559130  
1.886719  0.538711  
1.890625  0.518378  
1.894531  0.498131  
1.898438  0.477970  
1.902344  0.457894  
1.906250  0.437901  
1.910156  0.417993  
1.914062  0.398167  
1.917969  0.378424  
1.921875  0.358763  
1.925781  0.339183  
1.929688  0.319683  
1.933594  0.300264  
1.937500  0.280924  
1.941406  0.261663  
1.945312  0.242481  
1.949219  0.223376  
1.953125  0.204349  
1.957031  0.185398  
1.960938  0.166524  
1.964844  0.147725  
1.968750  0.129002  
1.972656  0.110353  
1.976562  0.091779  
1.980469  0.073278  
1.984375  0.054850  
1.988281  0.036495  
1.992188  0.018211  
1.996094  0.000000  
