1.000000  10.000000  
1.015625  9.657471  
1.031250  9.327572  
1.046875  9.009631  
1.062500  8.703019  
1.078125  8.407148  
1.093750  8.121472  
1.109375  7.845477  
1.125000  7.578683  
1.140625  7.320641  
1.156250  7.070927  
1.171875  6.829147  
1.187500  6.594928  
1.203125  6.367919  
1.218750  6.147791  
1.234375  5.934234  
1.250000  5.726955  
1.265625  5.525677  
1.281250  5.330141  
1.296875  5.140099  
1.312500  4.955320  
1.328125  4.775582  
1.343750  4.600678  
1.359375  4.430409  
1.375000  4.264589  
1.390625  4.103039  
1.406250  3.945592  
1.421875  3.792087  
1.437500  3.642371  
1.453125  3.496302  
1.468750  3.353740  
1.484375  3.214555  
1.500000  3.078622  
1.515625  2.945822  
1.531250  2.816043  
1.546875  2.689175  
1.562500  2.565117  
1.578125  2.443769  
1.593750  2.325037  
1.609375  2.208833  
1.625000  2.095069  
1.640625  1.983665  
1.656250  1.874540  
1.671875  1.767620  
1.687500  1.662834  
1.703125  1.560111  
1.718750  1.459386  
1.734375  1.360595  
1.750000  1.263678  
1.765625  1.168576  
1.781250  1.075234  
1.796875  0.983597  
1.812500  0.893613  
1.828125  0.805233  
1.843750  0.718410  
1.859375  0.633097  
1.875000  0.549251  
1.890625  0.466828  
1.906250  0.385787  
1.921875  0.306091  
1.937500  0.227700  
1.953125  0.150577  
1.968750  0.074689  
1.984375  0.000000  
