1.000000  10.000000  
1.016667  9.634942  
1.033333  9.284207  
1.050000  8.946984  
1.066667  8.622518  
1.083333  8.310109  
1.100000  8.009103  
1.116667  7.718894  
1.133333  7.438914  
1.150000  7.168636  
1.166667  6.907564  
1.183333  6.655235  
1.200000  6.411218  
1.216667  6.175106  
1.233333  5.946519  
1.250000  5.725099  
1.266667  5.510509  
1.283333  5.302436  
1.300000  5.100580  
1.316667  4.904663  
1.333333  4.714419  
1.350000  4.529600  
1.366667  4.349971  
1.383333  4.175310  
1.400000  4.005406  
1.416667  3.840061  
1.433333  3.679086  
1.450000  3.522304  
1.466667  3.369545  
1.483333  3.220648  
1.500000  3.075463  
1.516667  2.933845  
1.533333  2.795655  
1.550000  2.660764  
1.566667  2.529047  
1.583333  2.400387  
1.600000  2.274670  
1.616667  2.151789  
1.633333  2.031643  
1.650000  1.914133  
1.666667  1.799167  
1.683333  1.686655  
1.700000  1.576513  
1.716667  1.468660  
1.733333  1.363019  
1.750000  1.259514  
1.766667  1.158075  
1.783333  1.058635  
1.800000  0.961127  
1.816667  0.865491  
1.833333  0.771665  
1.850000  0.679593  
1.866667  0.589220  
1.883333  0.500493  
1.900000  0.413362  
1.916667  0.327777  
1.933333  0.243693  
1.950000  0.161063  
1.966667  0.079846  
1.983333  0.000000  
