1.000000  10.000000  
1.031250  9.323340  
1.062500  8.694793  
1.093750  8.109470  
1.125000  7.563101  
1.156250  7.051943  
1.187500  6.572704  
1.218750  6.122476  
1.250000  5.698685  
1.281250  5.299041  
1.312500  4.921505  
1.343750  4.564253  
1.375000  4.225653  
1.406250  3.904236  
1.437500  3.598680  
1.468750  3.307790  
1.500000  3.030488  
1.531250  2.765792  
1.562500  2.512813  
1.593750  2.270740  
1.625000  2.038834  
1.656250  1.816418  
1.687500  1.602875  
1.718750  1.397637  
1.750000  1.200183  
1.781250  1.010033  
1.812500  0.826745  
1.843750  0.649912  
1.875000  0.479157  
1.906250  0.314131  
1.937500  0.154512  
1.968750  0.000000  
