1.000000  10.000000 
1.031250  9.476075 
1.062500  8.977885 
1.093750  8.503064 
1.125000  8.049529 
1.156250  7.615437 
1.187500  7.199152 
1.218750  6.799216 
1.250000  6.414325 
1.281250  6.043311 
1.312500  5.685123 
1.343750  5.338812 
1.375000  5.003523 
1.406250  4.678478 
1.437500  4.362971 
1.468750  4.056361 
1.500000  3.758061 
1.531250  3.467533 
1.562500  3.184288 
1.593750  2.907873 
1.625000  2.637874 
1.656250  2.373909 
1.687500  2.115625 
1.718750  1.862696 
1.750000  1.614820 
1.781250  1.371717 
1.812500  1.133129 
1.843750  0.898812 
1.875000  0.668544 
1.906250  0.442114 
1.937500  0.219327 
1.968750  0.000000 
