1.000000  10.000000 
1.015625  9.740017 
1.031250  9.486487 
1.046875  9.239105 
1.062500  8.997587 
1.078125  8.761663 
1.093750  8.531082 
1.109375  8.305606 
1.125000  8.085013 
1.140625  7.869091 
1.156250  7.657642 
1.171875  7.450479 
1.187500  7.247423 
1.203125  7.048309 
1.218750  6.852977 
1.234375  6.661277 
1.250000  6.473066 
1.265625  6.288210 
1.281250  6.106580 
1.296875  5.928055 
1.312500  5.752519 
1.328125  5.579861 
1.343750  5.409977 
1.359375  5.242768 
1.375000  5.078138 
1.390625  4.915997 
1.406250  4.756258 
1.421875  4.598839 
1.437500  4.443661 
1.453125  4.290648 
1.468750  4.139730 
1.484375  3.990836 
1.500000  3.843902 
1.515625  3.698863 
1.531250  3.555660 
1.546875  3.414236 
1.562500  3.274533 
1.578125  3.136500 
1.593750  3.000084 
1.609375  2.865238 
1.625000  2.731914 
1.640625  2.600067 
1.656250  2.469653 
1.671875  2.340631 
1.687500  2.212959 
1.703125  2.086601 
1.718750  1.961518 
1.734375  1.837675 
1.750000  1.715037 
1.765625  1.593570 
1.781250  1.473244 
1.796875  1.354026 
1.812500  1.235887 
1.828125  1.118798 
1.843750  1.002731 
1.859375  0.887661 
1.875000  0.773559 
1.890625  0.660403 
1.906250  0.548167 
1.921875  0.436827 
1.937500  0.326363 
1.953125  0.216751 
1.968750  0.107970 
1.984375  0.000000 
