1.000000  10.000000 
1.016667  9.722544 
1.033333  9.452429 
1.050000  9.189285 
1.066667  8.932769 
1.083333  8.682558 
1.100000  8.438351 
1.116667  8.199865 
1.133333  7.966834 
1.150000  7.739010 
1.166667  7.516159 
1.183333  7.298059 
1.200000  7.084504 
1.216667  6.875298 
1.233333  6.670255 
1.250000  6.469203 
1.266667  6.271976 
1.283333  6.078419 
1.300000  5.888383 
1.316667  5.701729 
1.333333  5.518325 
1.350000  5.338045 
1.366667  5.160770 
1.383333  4.986387 
1.400000  4.814787 
1.416667  4.645868 
1.433333  4.479534 
1.450000  4.315690 
1.466667  4.154249 
1.483333  3.995126 
1.500000  3.838241 
1.516667  3.683516 
1.533333  3.530879 
1.550000  3.380259 
1.566667  3.231590 
1.583333  3.084807 
1.600000  2.939849 
1.616667  2.796657 
1.633333  2.655175 
1.650000  2.515349 
1.666667  2.377127 
1.683333  2.240460 
1.700000  2.105300 
1.716667  1.971601 
1.733333  1.839320 
1.750000  1.708414 
1.766667  1.578843 
1.783333  1.450568 
1.800000  1.323552 
1.816667  1.197757 
1.833333  1.073151 
1.850000  0.949698 
1.866667  0.827368 
1.883333  0.706129 
1.900000  0.585950 
1.916667  0.466804 
1.933333  0.348663 
1.950000  0.231498 
1.966667  0.115286 
1.983333  0.000000 
