1.000000  10.000000 
1.007812  9.870502 
1.015625  9.742620 
1.023438  9.616315 
1.031250  9.491550 
1.039062  9.368288 
1.046875  9.246495 
1.054688  9.126136 
1.062500  9.007178 
1.070312  8.889589 
1.078125  8.773339 
1.085938  8.658397 
1.093750  8.544734 
1.101562  8.432321 
1.109375  8.321132 
1.117188  8.211140 
1.125000  8.102317 
1.132812  7.994640 
1.140625  7.888085 
1.148438  7.782626 
1.156250  7.678241 
1.164062  7.574908 
1.171875  7.472604 
1.179688  7.371309 
1.187500  7.271002 
1.195312  7.171662 
1.203125  7.073270 
1.210938  6.975808 
1.218750  6.879256 
1.226562  6.783596 
1.234375  6.688812 
1.242188  6.594885 
1.250000  6.501799 
1.257812  6.409538 
1.265625  6.318086 
1.273438  6.227428 
1.281250  6.137549 
1.289062  6.048433 
1.296875  5.960067 
1.304688  5.872436 
1.312500  5.785528 
1.320312  5.699328 
1.328125  5.613824 
1.335938  5.529004 
1.343750  5.444854 
1.351562  5.361363 
1.359375  5.278519 
1.367188  5.196311 
1.375000  5.114727 
1.382812  5.033756 
1.390625  4.953388 
1.398438  4.873613 
1.406250  4.794419 
1.414062  4.715798 
1.421875  4.637739 
1.429688  4.560233 
1.437500  4.483270 
1.445312  4.406842 
1.453125  4.330939 
1.460938  4.255553 
1.468750  4.180675 
1.476562  4.106297 
1.484375  4.032411 
1.492188  3.959008 
1.500000  3.886081 
1.507812  3.813623 
1.515625  3.741626 
1.523438  3.670082 
1.531250  3.598984 
1.539062  3.528325 
1.546875  3.458099 
1.554688  3.388299 
1.562500  3.318918 
1.570312  3.249949 
1.578125  3.181386 
1.585938  3.113224 
1.593750  3.045456 
1.601562  2.978075 
1.609375  2.911077 
1.617188  2.844455 
1.625000  2.778204 
1.632812  2.712319 
1.640625  2.646793 
1.648438  2.581622 
1.656250  2.516800 
1.664062  2.452323 
1.671875  2.388186 
1.679688  2.324382 
1.687500  2.260909 
1.695312  2.197760 
1.703125  2.134932 
1.710938  2.072420 
1.718750  2.010219 
1.726562  1.948324 
1.734375  1.886733 
1.742188  1.825440 
1.750000  1.764442 
1.757812  1.703734 
1.765625  1.643312 
1.773438  1.583172 
1.781250  1.523312 
1.789062  1.463725 
1.796875  1.404410 
1.804688  1.345363 
1.812500  1.286579 
1.820312  1.228056 
1.828125  1.169789 
1.835938  1.111776 
1.843750  1.054013 
1.851562  0.996497 
1.859375  0.939225 
1.867188  0.882193 
1.875000  0.825398 
1.882812  0.768838 
1.890625  0.712509 
1.898438  0.656409 
1.906250  0.600533 
1.914062  0.544881 
1.921875  0.489448 
1.929688  0.434232 
1.937500  0.379231 
1.945312  0.324441 
1.953125  0.269860 
1.960938  0.215485 
1.968750  0.161314 
1.976562  0.107345 
1.984375  0.053574 
1.992188  0.000000 
